# seconds.nanoseconds(sequence)	sine
1550489591.288678200(0)	0.000000
1550489591.289678200(1)	0.309017
1550489591.290678200(2)	0.587785
1550489591.291678200(3)	0.809017
1550489591.292678200(4)	0.951057
1550489591.293678200(5)	1.000000
1550489591.294678200(6)	0.951057
1550489591.295678200(7)	0.809017
1550489591.296678200(8)	0.587785
1550489591.297678200(9)	0.309017
1550489591.298678200(10)	0.000000
1550489591.299678200(11)	-0.309017
1550489591.300678200(12)	-0.587785
1550489591.301678200(13)	-0.809017
1550489591.302678200(14)	-0.951057
1550489591.303678200(15)	-1.000000
1550489591.304678200(16)	-0.951057
1550489591.305678200(17)	-0.809017
1550489591.306678200(18)	-0.587785
1550489591.307678200(19)	-0.309017
1550489591.308678200(20)	-0.000000
1550489591.309678200(21)	0.309017
1550489591.310678200(22)	0.587785
1550489591.311678200(23)	0.809017
1550489591.312678200(24)	0.951057
1550489591.313678200(25)	1.000000
1550489591.314678200(26)	0.951057
1550489591.315678200(27)	0.809017
1550489591.316678200(28)	0.587785
1550489591.317678200(29)	0.309017
1550489591.318678200(30)	-0.000000
1550489591.319678200(31)	-0.309017
1550489591.320678200(32)	-0.587785
1550489591.321678200(33)	-0.809017
1550489591.322678200(34)	-0.951057
1550489591.323678200(35)	-1.000000
1550489591.324678200(36)	-0.951057
1550489591.325678200(37)	-0.809017
1550489591.326678200(38)	-0.587785
1550489591.327678200(39)	-0.309017
1550489591.328678200(40)	-0.000000
1550489591.329678200(41)	0.309017
1550489591.330678200(42)	0.587785
1550489591.331678200(43)	0.809017
1550489591.332678200(44)	0.951057
1550489591.333678200(45)	1.000000
1550489591.334678200(46)	0.951057
1550489591.335678200(47)	0.809017
1550489591.336678200(48)	0.587785
1550489591.337678200(49)	0.309017
1550489591.338678200(50)	0.000000
1550489591.339678200(51)	-0.309017
1550489591.340678200(52)	-0.587785
1550489591.341678200(53)	-0.809017
1550489591.342678200(54)	-0.951057
1550489591.343678200(55)	-1.000000
1550489591.344678200(56)	-0.951057
1550489591.345678200(57)	-0.809017
1550489591.346678200(58)	-0.587785
1550489591.347678200(59)	-0.309017
1550489591.348678200(60)	0.000000
1550489591.349678200(61)	0.309017
1550489591.350678200(62)	0.587785
1550489591.351678200(63)	0.809017
1550489591.352678200(64)	0.951057
1550489591.353678200(65)	1.000000
1550489591.354678200(66)	0.951057
1550489591.355678200(67)	0.809017
1550489591.356678200(68)	0.587785
1550489591.357678200(69)	0.309017
1550489591.358678200(70)	-0.000000
1550489591.359678200(71)	-0.309017
1550489591.360678200(72)	-0.587785
1550489591.361678200(73)	-0.809017
1550489591.362678200(74)	-0.951057
1550489591.363678200(75)	-1.000000
1550489591.364678200(76)	-0.951057
1550489591.365678200(77)	-0.809017
1550489591.366678200(78)	-0.587785
1550489591.367678200(79)	-0.309017
1550489591.368678200(80)	-0.000000
1550489591.369678200(81)	0.309017
1550489591.370678200(82)	0.587785
1550489591.371678200(83)	0.809017
1550489591.372678200(84)	0.951057
1550489591.373678200(85)	1.000000
1550489591.374678200(86)	0.951057
1550489591.375678200(87)	0.809017
1550489591.376678200(88)	0.587785
1550489591.377678200(89)	0.309017
1550489591.378678200(90)	-0.000000
1550489591.379678200(91)	-0.309017
1550489591.380678200(92)	-0.587785
1550489591.381678200(93)	-0.809017
1550489591.382678200(94)	-0.951057
1550489591.383678200(95)	-1.000000
1550489591.384678200(96)	-0.951057
1550489591.385678200(97)	-0.809017
1550489591.386678200(98)	-0.587785
1550489591.387678200(99)	-0.309017
1550489591.388678200(100)	-0.000000
1550489591.389678200(101)	0.309017
1550489591.390678200(102)	0.587785
1550489591.391678200(103)	0.809017
1550489591.392678200(104)	0.951057
1550489591.393678200(105)	1.000000
1550489591.394678200(106)	0.951057
1550489591.395678200(107)	0.809017
1550489591.396678200(108)	0.587785
1550489591.397678200(109)	0.309017
1550489591.398678200(110)	0.000000
1550489591.399678200(111)	-0.309017
1550489591.400678200(112)	-0.587785
1550489591.401678200(113)	-0.809017
1550489591.402678200(114)	-0.951057
1550489591.403678200(115)	-1.000000
1550489591.404678200(116)	-0.951057
1550489591.405678200(117)	-0.809017
1550489591.406678200(118)	-0.587785
1550489591.407678200(119)	-0.309017
1550489591.408678200(120)	0.000000
1550489591.409678200(121)	0.309017
1550489591.410678200(122)	0.587785
1550489591.411678200(123)	0.809017
1550489591.412678200(124)	0.951057
1550489591.413678200(125)	1.000000
1550489591.414678200(126)	0.951057
1550489591.415678200(127)	0.809017
1550489591.416678200(128)	0.587785
1550489591.417678200(129)	0.309017
1550489591.418678200(130)	-0.000000
1550489591.419678200(131)	-0.309017
1550489591.420678200(132)	-0.587785
1550489591.421678200(133)	-0.809017
1550489591.422678200(134)	-0.951057
1550489591.423678200(135)	-1.000000
1550489591.424678200(136)	-0.951057
1550489591.425678200(137)	-0.809017
1550489591.426678200(138)	-0.587785
1550489591.427678200(139)	-0.309017
1550489591.428678200(140)	0.000000
1550489591.429678200(141)	0.309017
1550489591.430678200(142)	0.587785
1550489591.431678200(143)	0.809017
1550489591.432678200(144)	0.951057
1550489591.433678200(145)	1.000000
1550489591.434678200(146)	0.951057
1550489591.435678200(147)	0.809017
1550489591.436678200(148)	0.587785
1550489591.437678200(149)	0.309017
1550489591.438678200(150)	-0.000000
1550489591.439678200(151)	-0.309017
1550489591.440678200(152)	-0.587785
1550489591.441678200(153)	-0.809017
1550489591.442678200(154)	-0.951057
1550489591.443678200(155)	-1.000000
1550489591.444678200(156)	-0.951057
1550489591.445678200(157)	-0.809017
1550489591.446678200(158)	-0.587785
1550489591.447678200(159)	-0.309017
1550489591.448678200(160)	-0.000000
1550489591.449678200(161)	0.309017
1550489591.450678200(162)	0.587785
1550489591.451678200(163)	0.809017
1550489591.452678200(164)	0.951057
1550489591.453678200(165)	1.000000
1550489591.454678200(166)	0.951057
1550489591.455678200(167)	0.809017
1550489591.456678200(168)	0.587785
1550489591.457678200(169)	0.309017
1550489591.458678200(170)	-0.000000
1550489591.459678200(171)	-0.309017
1550489591.460678200(172)	-0.587785
1550489591.461678200(173)	-0.809017
1550489591.462678200(174)	-0.951057
1550489591.463678200(175)	-1.000000
1550489591.464678200(176)	-0.951057
1550489591.465678200(177)	-0.809017
1550489591.466678200(178)	-0.587785
1550489591.467678200(179)	-0.309017
1550489591.468678200(180)	0.000000
1550489591.469678200(181)	0.309017
1550489591.470678200(182)	0.587785
1550489591.471678200(183)	0.809017
1550489591.472678200(184)	0.951057
1550489591.473678200(185)	1.000000
1550489591.474678200(186)	0.951057
1550489591.475678200(187)	0.809017
1550489591.476678200(188)	0.587785
1550489591.477678200(189)	0.309017
1550489591.478678200(190)	0.000000
1550489591.479678200(191)	-0.309017
1550489591.480678200(192)	-0.587785
1550489591.481678200(193)	-0.809017
1550489591.482678200(194)	-0.951057
1550489591.483678200(195)	-1.000000
1550489591.484678200(196)	-0.951057
1550489591.485678200(197)	-0.809017
1550489591.486678200(198)	-0.587785
1550489591.487678200(199)	-0.309017
1550489591.488678200(200)	-0.000000
1550489591.489678200(201)	0.309017
1550489591.490678200(202)	0.587785
1550489591.491678200(203)	0.809017
1550489591.492678200(204)	0.951057
1550489591.493678200(205)	1.000000
1550489591.494678200(206)	0.951057
1550489591.495678200(207)	0.809017
1550489591.496678200(208)	0.587785
1550489591.497678200(209)	0.309017
1550489591.498678200(210)	-0.000000
1550489591.499678200(211)	-0.309017
1550489591.500678200(212)	-0.587785
1550489591.501678200(213)	-0.809017
1550489591.502678200(214)	-0.951057
1550489591.503678200(215)	-1.000000
1550489591.504678200(216)	-0.951057
1550489591.505678200(217)	-0.809017
1550489591.506678200(218)	-0.587785
1550489591.507678200(219)	-0.309017
1550489591.508678200(220)	-0.000000
1550489591.509678200(221)	0.309017
1550489591.510678200(222)	0.587785
1550489591.511678200(223)	0.809017
1550489591.512678200(224)	0.951057
1550489591.513678200(225)	1.000000
1550489591.514678200(226)	0.951057
1550489591.515678200(227)	0.809017
1550489591.516678200(228)	0.587785
1550489591.517678200(229)	0.309017
1550489591.518678200(230)	0.000000
1550489591.519678200(231)	-0.309017
1550489591.520678200(232)	-0.587785
1550489591.521678200(233)	-0.809017
1550489591.522678200(234)	-0.951057
1550489591.523678200(235)	-1.000000
1550489591.524678200(236)	-0.951057
1550489591.525678200(237)	-0.809017
1550489591.526678200(238)	-0.587785
1550489591.527678200(239)	-0.309017
1550489591.528678200(240)	0.000000
1550489591.529678200(241)	0.309017
1550489591.530678200(242)	0.587785
1550489591.531678200(243)	0.809017
1550489591.532678200(244)	0.951057
1550489591.533678200(245)	1.000000
1550489591.534678200(246)	0.951057
1550489591.535678200(247)	0.809017
1550489591.536678200(248)	0.587785
1550489591.537678200(249)	0.309017
1550489591.538678200(250)	-0.000000
1550489591.539678200(251)	-0.309017
1550489591.540678200(252)	-0.587785
1550489591.541678200(253)	-0.809017
1550489591.542678200(254)	-0.951057
1550489591.543678200(255)	-1.000000
1550489591.544678200(256)	-0.951057
1550489591.545678200(257)	-0.809017
1550489591.546678200(258)	-0.587785
1550489591.547678200(259)	-0.309017
1550489591.548678200(260)	0.000000
1550489591.549678200(261)	0.309017
1550489591.550678200(262)	0.587785
1550489591.551678200(263)	0.809017
1550489591.552678200(264)	0.951057
1550489591.553678200(265)	1.000000
1550489591.554678200(266)	0.951057
1550489591.555678200(267)	0.809017
1550489591.556678200(268)	0.587785
1550489591.557678200(269)	0.309017
1550489591.558678200(270)	0.000000
1550489591.559678200(271)	-0.309017
1550489591.560678200(272)	-0.587785
1550489591.561678200(273)	-0.809017
1550489591.562678200(274)	-0.951057
1550489591.563678200(275)	-1.000000
1550489591.564678200(276)	-0.951057
1550489591.565678200(277)	-0.809017
1550489591.566678200(278)	-0.587785
1550489591.567678200(279)	-0.309017
1550489591.568678200(280)	0.000000
1550489591.569678200(281)	0.309017
1550489591.570678200(282)	0.587785
1550489591.571678200(283)	0.809017
1550489591.572678200(284)	0.951057
1550489591.573678200(285)	1.000000
1550489591.574678200(286)	0.951057
1550489591.575678200(287)	0.809017
1550489591.576678200(288)	0.587785
1550489591.577678200(289)	0.309017
1550489591.578678200(290)	-0.000000
1550489591.579678200(291)	-0.309017
1550489591.580678200(292)	-0.587785
1550489591.581678200(293)	-0.809017
1550489591.582678200(294)	-0.951057
1550489591.583678200(295)	-1.000000
1550489591.584678200(296)	-0.951057
1550489591.585678200(297)	-0.809017
1550489591.586678200(298)	-0.587785
1550489591.587678200(299)	-0.309017
1550489591.588678200(300)	0.000000
1550489591.589678200(301)	0.309017
1550489591.590678200(302)	0.587785
1550489591.591678200(303)	0.809017
1550489591.592678200(304)	0.951057
1550489591.593678200(305)	1.000000
1550489591.594678200(306)	0.951057
1550489591.595678200(307)	0.809017
1550489591.596678200(308)	0.587785
1550489591.597678200(309)	0.309017
1550489591.598678200(310)	0.000000
1550489591.599678200(311)	-0.309017
1550489591.600678200(312)	-0.587785
1550489591.601678200(313)	-0.809017
1550489591.602678200(314)	-0.951057
1550489591.603678200(315)	-1.000000
1550489591.604678200(316)	-0.951057
1550489591.605678200(317)	-0.809017
1550489591.606678200(318)	-0.587785
1550489591.607678200(319)	-0.309017
1550489591.608678200(320)	-0.000000
1550489591.609678200(321)	0.309017
1550489591.610678200(322)	0.587785
1550489591.611678200(323)	0.809017
1550489591.612678200(324)	0.951057
1550489591.613678200(325)	1.000000
1550489591.614678200(326)	0.951057
1550489591.615678200(327)	0.809017
1550489591.616678200(328)	0.587785
1550489591.617678200(329)	0.309017
1550489591.618678200(330)	0.000000
1550489591.619678200(331)	-0.309017
1550489591.620678200(332)	-0.587785
1550489591.621678200(333)	-0.809017
1550489591.622678200(334)	-0.951057
1550489591.623678200(335)	-1.000000
1550489591.624678200(336)	-0.951057
1550489591.625678200(337)	-0.809017
1550489591.626678200(338)	-0.587785
1550489591.627678200(339)	-0.309017
1550489591.628678200(340)	0.000000
1550489591.629678200(341)	0.309017
1550489591.630678200(342)	0.587785
1550489591.631678200(343)	0.809017
1550489591.632678200(344)	0.951057
1550489591.633678200(345)	1.000000
1550489591.634678200(346)	0.951057
1550489591.635678200(347)	0.809017
1550489591.636678200(348)	0.587785
1550489591.637678200(349)	0.309017
1550489591.638678200(350)	0.000000
1550489591.639678200(351)	-0.309017
1550489591.640678200(352)	-0.587785
1550489591.641678200(353)	-0.809017
1550489591.642678200(354)	-0.951057
1550489591.643678200(355)	-1.000000
1550489591.644678200(356)	-0.951057
1550489591.645678200(357)	-0.809017
1550489591.646678200(358)	-0.587785
1550489591.647678200(359)	-0.309017
1550489591.648678200(360)	0.000000
1550489591.649678200(361)	0.309017
1550489591.650678200(362)	0.587785
1550489591.651678200(363)	0.809017
1550489591.652678200(364)	0.951057
1550489591.653678200(365)	1.000000
1550489591.654678200(366)	0.951057
1550489591.655678200(367)	0.809017
1550489591.656678200(368)	0.587785
1550489591.657678200(369)	0.309017
1550489591.658678200(370)	0.000000
1550489591.659678200(371)	-0.309017
1550489591.660678200(372)	-0.587785
1550489591.661678200(373)	-0.809017
1550489591.662678200(374)	-0.951057
1550489591.663678200(375)	-1.000000
1550489591.664678200(376)	-0.951057
1550489591.665678200(377)	-0.809017
1550489591.666678200(378)	-0.587785
1550489591.667678200(379)	-0.309017
1550489591.668678200(380)	-0.000000
1550489591.669678200(381)	0.309017
1550489591.670678200(382)	0.587785
1550489591.671678200(383)	0.809017
1550489591.672678200(384)	0.951057
1550489591.673678200(385)	1.000000
1550489591.674678200(386)	0.951057
1550489591.675678200(387)	0.809017
1550489591.676678200(388)	0.587785
1550489591.677678200(389)	0.309017
1550489591.678678200(390)	0.000000
1550489591.679678200(391)	-0.309017
1550489591.680678200(392)	-0.587785
1550489591.681678200(393)	-0.809017
1550489591.682678200(394)	-0.951057
1550489591.683678200(395)	-1.000000
1550489591.684678200(396)	-0.951057
1550489591.685678200(397)	-0.809017
1550489591.686678200(398)	-0.587785
1550489591.687678200(399)	-0.309017
1550489591.688678200(400)	-0.000000
1550489591.689678200(401)	0.309017
1550489591.690678200(402)	0.587785
1550489591.691678200(403)	0.809017
1550489591.692678200(404)	0.951057
1550489591.693678200(405)	1.000000
1550489591.694678200(406)	0.951057
1550489591.695678200(407)	0.809017
1550489591.696678200(408)	0.587785
1550489591.697678200(409)	0.309017
1550489591.698678200(410)	0.000000
1550489591.699678200(411)	-0.309017
1550489591.700678200(412)	-0.587785
1550489591.701678200(413)	-0.809017
1550489591.702678200(414)	-0.951057
1550489591.703678200(415)	-1.000000
1550489591.704678200(416)	-0.951057
1550489591.705678200(417)	-0.809017
1550489591.706678200(418)	-0.587785
1550489591.707678200(419)	-0.309017
1550489591.708678200(420)	0.000000
1550489591.709678200(421)	0.309017
1550489591.710678200(422)	0.587785
1550489591.711678200(423)	0.809017
1550489591.712678200(424)	0.951057
1550489591.713678200(425)	1.000000
1550489591.714678200(426)	0.951057
1550489591.715678200(427)	0.809017
1550489591.716678200(428)	0.587785
1550489591.717678200(429)	0.309017
1550489591.718678200(430)	-0.000000
1550489591.719678200(431)	-0.309017
1550489591.720678200(432)	-0.587785
1550489591.721678200(433)	-0.809017
1550489591.722678200(434)	-0.951057
1550489591.723678200(435)	-1.000000
1550489591.724678200(436)	-0.951057
1550489591.725678200(437)	-0.809017
1550489591.726678200(438)	-0.587785
1550489591.727678200(439)	-0.309017
1550489591.728678200(440)	-0.000000
1550489591.729678200(441)	0.309017
1550489591.730678200(442)	0.587785
1550489591.731678200(443)	0.809017
1550489591.732678200(444)	0.951057
1550489591.733678200(445)	1.000000
1550489591.734678200(446)	0.951057
1550489591.735678200(447)	0.809017
1550489591.736678200(448)	0.587785
1550489591.737678200(449)	0.309017
1550489591.738678200(450)	0.000000
1550489591.739678200(451)	-0.309017
1550489591.740678200(452)	-0.587785
1550489591.741678200(453)	-0.809017
1550489591.742678200(454)	-0.951057
1550489591.743678200(455)	-1.000000
1550489591.744678200(456)	-0.951057
1550489591.745678200(457)	-0.809017
1550489591.746678200(458)	-0.587785
1550489591.747678200(459)	-0.309017
1550489591.748678200(460)	-0.000000
1550489591.749678200(461)	0.309017
1550489591.750678200(462)	0.587785
1550489591.751678200(463)	0.809017
1550489591.752678200(464)	0.951057
1550489591.753678200(465)	1.000000
1550489591.754678200(466)	0.951057
1550489591.755678200(467)	0.809017
1550489591.756678200(468)	0.587785
1550489591.757678200(469)	0.309017
1550489591.758678200(470)	-0.000000
1550489591.759678200(471)	-0.309017
1550489591.760678200(472)	-0.587785
1550489591.761678200(473)	-0.809017
1550489591.762678200(474)	-0.951057
1550489591.763678200(475)	-1.000000
1550489591.764678200(476)	-0.951057
1550489591.765678200(477)	-0.809017
1550489591.766678200(478)	-0.587785
1550489591.767678200(479)	-0.309017
1550489591.768678200(480)	0.000000
1550489591.769678200(481)	0.309017
1550489591.770678200(482)	0.587785
1550489591.771678200(483)	0.809017
1550489591.772678200(484)	0.951057
1550489591.773678200(485)	1.000000
1550489591.774678200(486)	0.951057
1550489591.775678200(487)	0.809017
1550489591.776678200(488)	0.587785
1550489591.777678200(489)	0.309017
1550489591.778678200(490)	-0.000000
1550489591.779678200(491)	-0.309017
1550489591.780678200(492)	-0.587785
1550489591.781678200(493)	-0.809017
1550489591.782678200(494)	-0.951057
1550489591.783678200(495)	-1.000000
1550489591.784678200(496)	-0.951057
1550489591.785678200(497)	-0.809017
1550489591.786678200(498)	-0.587785
1550489591.787678200(499)	-0.309017
1550489591.788678200(500)	0.000000
1550489591.789678200(501)	0.309017
1550489591.790678200(502)	0.587785
1550489591.791678200(503)	0.809017
1550489591.792678200(504)	0.951057
1550489591.793678200(505)	1.000000
1550489591.794678200(506)	0.951057
1550489591.795678200(507)	0.809017
1550489591.796678200(508)	0.587785
1550489591.797678200(509)	0.309017
1550489591.798678200(510)	0.000000
1550489591.799678200(511)	-0.309017
1550489591.800678200(512)	-0.587785
1550489591.801678200(513)	-0.809017
1550489591.802678200(514)	-0.951057
1550489591.803678200(515)	-1.000000
1550489591.804678200(516)	-0.951057
1550489591.805678200(517)	-0.809017
1550489591.806678200(518)	-0.587785
1550489591.807678200(519)	-0.309017
1550489591.808678200(520)	0.000000
1550489591.809678200(521)	0.309017
1550489591.810678200(522)	0.587785
1550489591.811678200(523)	0.809017
1550489591.812678200(524)	0.951057
1550489591.813678200(525)	1.000000
1550489591.814678200(526)	0.951057
1550489591.815678200(527)	0.809017
1550489591.816678200(528)	0.587785
1550489591.817678200(529)	0.309017
1550489591.818678200(530)	0.000000
1550489591.819678200(531)	-0.309017
1550489591.820678200(532)	-0.587785
1550489591.821678200(533)	-0.809017
1550489591.822678200(534)	-0.951057
1550489591.823678200(535)	-1.000000
1550489591.824678200(536)	-0.951057
1550489591.825678200(537)	-0.809017
1550489591.826678200(538)	-0.587785
1550489591.827678200(539)	-0.309017
1550489591.828678200(540)	-0.000000
1550489591.829678200(541)	0.309017
1550489591.830678200(542)	0.587785
1550489591.831678200(543)	0.809017
1550489591.832678200(544)	0.951057
1550489591.833678200(545)	1.000000
1550489591.834678200(546)	0.951057
1550489591.835678200(547)	0.809017
1550489591.836678200(548)	0.587785
1550489591.837678200(549)	0.309017
1550489591.838678200(550)	-0.000000
1550489591.839678200(551)	-0.309017
1550489591.840678200(552)	-0.587785
1550489591.841678200(553)	-0.809017
1550489591.842678200(554)	-0.951057
1550489591.843678200(555)	-1.000000
1550489591.844678200(556)	-0.951057
1550489591.845678200(557)	-0.809017
1550489591.846678200(558)	-0.587785
1550489591.847678200(559)	-0.309017
1550489591.848678200(560)	0.000000
1550489591.849678200(561)	0.309017
1550489591.850678200(562)	0.587785
1550489591.851678200(563)	0.809017
1550489591.852678200(564)	0.951057
1550489591.853678200(565)	1.000000
1550489591.854678200(566)	0.951057
1550489591.855678200(567)	0.809017
1550489591.856678200(568)	0.587785
1550489591.857678200(569)	0.309017
1550489591.858678200(570)	-0.000000
1550489591.859678200(571)	-0.309017
1550489591.860678200(572)	-0.587785
1550489591.861678200(573)	-0.809017
1550489591.862678200(574)	-0.951057
1550489591.863678200(575)	-1.000000
1550489591.864678200(576)	-0.951057
1550489591.865678200(577)	-0.809017
1550489591.866678200(578)	-0.587785
1550489591.867678200(579)	-0.309017
1550489591.868678200(580)	0.000000
1550489591.869678200(581)	0.309017
1550489591.870678200(582)	0.587785
1550489591.871678200(583)	0.809017
1550489591.872678200(584)	0.951057
1550489591.873678200(585)	1.000000
1550489591.874678200(586)	0.951057
1550489591.875678200(587)	0.809017
1550489591.876678200(588)	0.587785
1550489591.877678200(589)	0.309017
1550489591.878678200(590)	-0.000000
1550489591.879678200(591)	-0.309017
1550489591.880678200(592)	-0.587785
1550489591.881678200(593)	-0.809017
1550489591.882678200(594)	-0.951057
1550489591.883678200(595)	-1.000000
1550489591.884678200(596)	-0.951057
1550489591.885678200(597)	-0.809017
1550489591.886678200(598)	-0.587785
1550489591.887678200(599)	-0.309017
1550489591.888678200(600)	0.000000
1550489591.889678200(601)	0.309017
1550489591.890678200(602)	0.587785
1550489591.891678200(603)	0.809017
1550489591.892678200(604)	0.951057
1550489591.893678200(605)	1.000000
1550489591.894678200(606)	0.951057
1550489591.895678200(607)	0.809017
1550489591.896678200(608)	0.587785
1550489591.897678200(609)	0.309017
1550489591.898678200(610)	0.000000
1550489591.899678200(611)	-0.309017
1550489591.900678200(612)	-0.587785
1550489591.901678200(613)	-0.809017
1550489591.902678200(614)	-0.951057
1550489591.903678200(615)	-1.000000
1550489591.904678200(616)	-0.951057
1550489591.905678200(617)	-0.809017
1550489591.906678200(618)	-0.587785
1550489591.907678200(619)	-0.309017
1550489591.908678200(620)	-0.000000
1550489591.909678200(621)	0.309017
1550489591.910678200(622)	0.587785
1550489591.911678200(623)	0.809017
1550489591.912678200(624)	0.951057
1550489591.913678200(625)	1.000000
1550489591.914678200(626)	0.951057
1550489591.915678200(627)	0.809017
1550489591.916678200(628)	0.587785
1550489591.917678200(629)	0.309017
1550489591.918678200(630)	-0.000000
1550489591.919678200(631)	-0.309017
1550489591.920678200(632)	-0.587785
1550489591.921678200(633)	-0.809017
1550489591.922678200(634)	-0.951057
1550489591.923678200(635)	-1.000000
1550489591.924678200(636)	-0.951057
1550489591.925678200(637)	-0.809017
1550489591.926678200(638)	-0.587785
1550489591.927678200(639)	-0.309017
1550489591.928678200(640)	-0.000000
1550489591.929678200(641)	0.309017
1550489591.930678200(642)	0.587785
1550489591.931678200(643)	0.809017
1550489591.932678200(644)	0.951057
1550489591.933678200(645)	1.000000
1550489591.934678200(646)	0.951057
1550489591.935678200(647)	0.809017
1550489591.936678200(648)	0.587785
1550489591.937678200(649)	0.309017
1550489591.938678200(650)	0.000000
1550489591.939678200(651)	-0.309017
1550489591.940678200(652)	-0.587785
1550489591.941678200(653)	-0.809017
1550489591.942678200(654)	-0.951057
1550489591.943678200(655)	-1.000000
1550489591.944678200(656)	-0.951057
1550489591.945678200(657)	-0.809017
1550489591.946678200(658)	-0.587785
1550489591.947678200(659)	-0.309017
1550489591.948678200(660)	-0.000000
1550489591.949678200(661)	0.309017
1550489591.950678200(662)	0.587785
1550489591.951678200(663)	0.809017
1550489591.952678200(664)	0.951057
1550489591.953678200(665)	1.000000
1550489591.954678200(666)	0.951057
1550489591.955678200(667)	0.809017
1550489591.956678200(668)	0.587785
1550489591.957678200(669)	0.309017
1550489591.958678200(670)	0.000000
1550489591.959678200(671)	-0.309017
1550489591.960678200(672)	-0.587785
1550489591.961678200(673)	-0.809017
1550489591.962678200(674)	-0.951057
1550489591.963678200(675)	-1.000000
1550489591.964678200(676)	-0.951057
1550489591.965678200(677)	-0.809017
1550489591.966678200(678)	-0.587785
1550489591.967678200(679)	-0.309017
1550489591.968678200(680)	0.000000
1550489591.969678200(681)	0.309017
1550489591.970678200(682)	0.587785
1550489591.971678200(683)	0.809017
1550489591.972678200(684)	0.951057
1550489591.973678200(685)	1.000000
1550489591.974678200(686)	0.951057
1550489591.975678200(687)	0.809017
1550489591.976678200(688)	0.587785
1550489591.977678200(689)	0.309017
1550489591.978678200(690)	0.000000
1550489591.979678200(691)	-0.309017
1550489591.980678200(692)	-0.587785
1550489591.981678200(693)	-0.809017
1550489591.982678200(694)	-0.951057
1550489591.983678200(695)	-1.000000
1550489591.984678200(696)	-0.951057
1550489591.985678200(697)	-0.809017
1550489591.986678200(698)	-0.587785
1550489591.987678200(699)	-0.309017
1550489591.988678200(700)	-0.000000
1550489591.989678200(701)	0.309017
1550489591.990678200(702)	0.587785
1550489591.991678200(703)	0.809017
1550489591.992678200(704)	0.951057
1550489591.993678200(705)	1.000000
1550489591.994678200(706)	0.951057
1550489591.995678200(707)	0.809017
1550489591.996678200(708)	0.587785
1550489591.997678200(709)	0.309017
1550489591.998678200(710)	-0.000000
1550489591.999678200(711)	-0.309017
1550489592.000678200(712)	-0.587785
1550489592.001678200(713)	-0.809017
1550489592.002678200(714)	-0.951057
1550489592.003678200(715)	-1.000000
1550489592.004678200(716)	-0.951057
1550489592.005678200(717)	-0.809017
1550489592.006678200(718)	-0.587785
1550489592.007678200(719)	-0.309017
1550489592.008678200(720)	0.000000
1550489592.009678200(721)	0.309017
1550489592.010678200(722)	0.587785
1550489592.011678200(723)	0.809017
1550489592.012678200(724)	0.951057
1550489592.013678200(725)	1.000000
1550489592.014678200(726)	0.951057
1550489592.015678200(727)	0.809017
1550489592.016678200(728)	0.587785
1550489592.017678200(729)	0.309017
1550489592.018678200(730)	-0.000000
1550489592.019678200(731)	-0.309017
1550489592.020678200(732)	-0.587785
1550489592.021678200(733)	-0.809017
1550489592.022678200(734)	-0.951057
1550489592.023678200(735)	-1.000000
1550489592.024678200(736)	-0.951057
1550489592.025678200(737)	-0.809017
1550489592.026678200(738)	-0.587785
1550489592.027678200(739)	-0.309017
1550489592.028678200(740)	-0.000000
1550489592.029678200(741)	0.309017
1550489592.030678200(742)	0.587785
1550489592.031678200(743)	0.809017
1550489592.032678200(744)	0.951057
1550489592.033678200(745)	1.000000
1550489592.034678200(746)	0.951057
1550489592.035678200(747)	0.809017
1550489592.036678200(748)	0.587785
1550489592.037678200(749)	0.309017
1550489592.038678200(750)	0.000000
1550489592.039678200(751)	-0.309017
1550489592.040678200(752)	-0.587785
1550489592.041678200(753)	-0.809017
1550489592.042678200(754)	-0.951057
1550489592.043678200(755)	-1.000000
1550489592.044678200(756)	-0.951057
1550489592.045678200(757)	-0.809017
1550489592.046678200(758)	-0.587785
1550489592.047678200(759)	-0.309017
1550489592.048678200(760)	-0.000000
1550489592.049678200(761)	0.309017
1550489592.050678200(762)	0.587785
1550489592.051678200(763)	0.809017
1550489592.052678200(764)	0.951057
1550489592.053678200(765)	1.000000
1550489592.054678200(766)	0.951057
1550489592.055678200(767)	0.809017
1550489592.056678200(768)	0.587785
1550489592.057678200(769)	0.309017
1550489592.058678200(770)	0.000000
1550489592.059678200(771)	-0.309017
1550489592.060678200(772)	-0.587785
1550489592.061678200(773)	-0.809017
1550489592.062678200(774)	-0.951057
1550489592.063678200(775)	-1.000000
1550489592.064678200(776)	-0.951057
1550489592.065678200(777)	-0.809017
1550489592.066678200(778)	-0.587785
1550489592.067678200(779)	-0.309017
1550489592.068678200(780)	-0.000000
1550489592.069678200(781)	0.309017
1550489592.070678200(782)	0.587785
1550489592.071678200(783)	0.809017
1550489592.072678200(784)	0.951057
1550489592.073678200(785)	1.000000
1550489592.074678200(786)	0.951057
1550489592.075678200(787)	0.809017
1550489592.076678200(788)	0.587785
1550489592.077678200(789)	0.309017
1550489592.078678200(790)	-0.000000
1550489592.079678200(791)	-0.309017
1550489592.080678200(792)	-0.587785
1550489592.081678200(793)	-0.809017
1550489592.082678200(794)	-0.951057
1550489592.083678200(795)	-1.000000
1550489592.084678200(796)	-0.951057
1550489592.085678200(797)	-0.809017
1550489592.086678200(798)	-0.587785
1550489592.087678200(799)	-0.309017
1550489592.088678200(800)	-0.000000
1550489592.089678200(801)	0.309017
1550489592.090678200(802)	0.587785
1550489592.091678200(803)	0.809017
1550489592.092678200(804)	0.951057
1550489592.093678200(805)	1.000000
1550489592.094678200(806)	0.951057
1550489592.095678200(807)	0.809017
1550489592.096678200(808)	0.587785
1550489592.097678200(809)	0.309017
1550489592.098678200(810)	0.000000
1550489592.099678200(811)	-0.309017
1550489592.100678200(812)	-0.587785
1550489592.101678200(813)	-0.809017
1550489592.102678200(814)	-0.951057
1550489592.103678200(815)	-1.000000
1550489592.104678200(816)	-0.951057
1550489592.105678200(817)	-0.809017
1550489592.106678200(818)	-0.587785
1550489592.107678200(819)	-0.309017
1550489592.108678200(820)	-0.000000
1550489592.109678200(821)	0.309017
1550489592.110678200(822)	0.587785
1550489592.111678200(823)	0.809017
1550489592.112678200(824)	0.951057
1550489592.113678200(825)	1.000000
1550489592.114678200(826)	0.951057
1550489592.115678200(827)	0.809017
1550489592.116678200(828)	0.587785
1550489592.117678200(829)	0.309017
1550489592.118678200(830)	-0.000000
1550489592.119678200(831)	-0.309017
1550489592.120678200(832)	-0.587785
1550489592.121678200(833)	-0.809017
1550489592.122678200(834)	-0.951057
1550489592.123678200(835)	-1.000000
1550489592.124678200(836)	-0.951057
1550489592.125678200(837)	-0.809017
1550489592.126678200(838)	-0.587785
1550489592.127678200(839)	-0.309017
1550489592.128678200(840)	0.000000
1550489592.129678200(841)	0.309017
1550489592.130678200(842)	0.587785
1550489592.131678200(843)	0.809017
1550489592.132678200(844)	0.951057
1550489592.133678200(845)	1.000000
1550489592.134678200(846)	0.951057
1550489592.135678200(847)	0.809017
1550489592.136678200(848)	0.587785
1550489592.137678200(849)	0.309017
1550489592.138678200(850)	-0.000000
1550489592.139678200(851)	-0.309017
1550489592.140678200(852)	-0.587785
1550489592.141678200(853)	-0.809017
1550489592.142678200(854)	-0.951057
1550489592.143678200(855)	-1.000000
1550489592.144678200(856)	-0.951057
1550489592.145678200(857)	-0.809017
1550489592.146678200(858)	-0.587785
1550489592.147678200(859)	-0.309017
1550489592.148678200(860)	0.000000
1550489592.149678200(861)	0.309017
1550489592.150678200(862)	0.587785
1550489592.151678200(863)	0.809017
1550489592.152678200(864)	0.951057
1550489592.153678200(865)	1.000000
1550489592.154678200(866)	0.951057
1550489592.155678200(867)	0.809017
1550489592.156678200(868)	0.587785
1550489592.157678200(869)	0.309017
1550489592.158678200(870)	-0.000000
1550489592.159678200(871)	-0.309017
1550489592.160678200(872)	-0.587785
1550489592.161678200(873)	-0.809017
1550489592.162678200(874)	-0.951057
1550489592.163678200(875)	-1.000000
1550489592.164678200(876)	-0.951057
1550489592.165678200(877)	-0.809017
1550489592.166678200(878)	-0.587785
1550489592.167678200(879)	-0.309017
1550489592.168678200(880)	-0.000000
1550489592.169678200(881)	0.309017
1550489592.170678200(882)	0.587785
1550489592.171678200(883)	0.809017
1550489592.172678200(884)	0.951057
1550489592.173678200(885)	1.000000
1550489592.174678200(886)	0.951057
1550489592.175678200(887)	0.809017
1550489592.176678200(888)	0.587785
1550489592.177678200(889)	0.309017
1550489592.178678200(890)	-0.000000
1550489592.179678200(891)	-0.309017
1550489592.180678200(892)	-0.587785
1550489592.181678200(893)	-0.809017
1550489592.182678200(894)	-0.951057
1550489592.183678200(895)	-1.000000
1550489592.184678200(896)	-0.951057
1550489592.185678200(897)	-0.809017
1550489592.186678200(898)	-0.587785
1550489592.187678200(899)	-0.309017
1550489592.188678200(900)	-0.000000
1550489592.189678200(901)	0.309017
1550489592.190678200(902)	0.587785
1550489592.191678200(903)	0.809017
1550489592.192678200(904)	0.951057
1550489592.193678200(905)	1.000000
1550489592.194678200(906)	0.951057
1550489592.195678200(907)	0.809017
1550489592.196678200(908)	0.587785
1550489592.197678200(909)	0.309017
1550489592.198678200(910)	0.000000
1550489592.199678200(911)	-0.309017
1550489592.200678200(912)	-0.587785
1550489592.201678200(913)	-0.809017
1550489592.202678200(914)	-0.951057
1550489592.203678200(915)	-1.000000
1550489592.204678200(916)	-0.951057
1550489592.205678200(917)	-0.809017
1550489592.206678200(918)	-0.587785
1550489592.207678200(919)	-0.309017
1550489592.208678200(920)	-0.000000
1550489592.209678200(921)	0.309017
1550489592.210678200(922)	0.587785
1550489592.211678200(923)	0.809017
1550489592.212678200(924)	0.951057
1550489592.213678200(925)	1.000000
1550489592.214678200(926)	0.951057
1550489592.215678200(927)	0.809017
1550489592.216678200(928)	0.587785
1550489592.217678200(929)	0.309017
1550489592.218678200(930)	0.000000
1550489592.219678200(931)	-0.309017
1550489592.220678200(932)	-0.587785
1550489592.221678200(933)	-0.809017
1550489592.222678200(934)	-0.951057
1550489592.223678200(935)	-1.000000
1550489592.224678200(936)	-0.951057
1550489592.225678200(937)	-0.809017
1550489592.226678200(938)	-0.587785
1550489592.227678200(939)	-0.309017
1550489592.228678200(940)	0.000000
1550489592.229678200(941)	0.309017
1550489592.230678200(942)	0.587785
1550489592.231678200(943)	0.809017
1550489592.232678200(944)	0.951057
1550489592.233678200(945)	1.000000
1550489592.234678200(946)	0.951057
1550489592.235678200(947)	0.809017
1550489592.236678200(948)	0.587785
1550489592.237678200(949)	0.309017
1550489592.238678200(950)	0.000000
1550489592.239678200(951)	-0.309017
1550489592.240678200(952)	-0.587785
1550489592.241678200(953)	-0.809017
1550489592.242678200(954)	-0.951057
1550489592.243678200(955)	-1.000000
1550489592.244678200(956)	-0.951057
1550489592.245678200(957)	-0.809017
1550489592.246678200(958)	-0.587785
1550489592.247678200(959)	-0.309017
1550489592.248678200(960)	0.000000
1550489592.249678200(961)	0.309017
1550489592.250678200(962)	0.587785
1550489592.251678200(963)	0.809017
1550489592.252678200(964)	0.951057
1550489592.253678200(965)	1.000000
1550489592.254678200(966)	0.951057
1550489592.255678200(967)	0.809017
1550489592.256678200(968)	0.587785
1550489592.257678200(969)	0.309017
1550489592.258678200(970)	-0.000000
1550489592.259678200(971)	-0.309017
1550489592.260678200(972)	-0.587785
1550489592.261678200(973)	-0.809017
1550489592.262678200(974)	-0.951057
1550489592.263678200(975)	-1.000000
1550489592.264678200(976)	-0.951057
1550489592.265678200(977)	-0.809017
1550489592.266678200(978)	-0.587785
1550489592.267678200(979)	-0.309017
1550489592.268678200(980)	0.000000
1550489592.269678200(981)	0.309017
1550489592.270678200(982)	0.587785
1550489592.271678200(983)	0.809017
1550489592.272678200(984)	0.951057
1550489592.273678200(985)	1.000000
1550489592.274678200(986)	0.951057
1550489592.275678200(987)	0.809017
1550489592.276678200(988)	0.587785
1550489592.277678200(989)	0.309017
1550489592.278678200(990)	-0.000000
1550489592.279678200(991)	-0.309017
1550489592.280678200(992)	-0.587785
1550489592.281678200(993)	-0.809017
1550489592.282678200(994)	-0.951057
1550489592.283678200(995)	-1.000000
1550489592.284678200(996)	-0.951057
1550489592.285678200(997)	-0.809017
1550489592.286678200(998)	-0.587785
1550489592.287678200(999)	-0.309017
